Grade,Section,Class #,Date,Term,Weekday,Day,Description,Material,Material teacher,Summary
10,A,1-1,2026 / 08 / 12,1,Wednesday,1,-,-,-,-
10,A,1-2,2026 / 08 / 14,1,Friday,3,-,-,-,-
10,A,2-1,2026 / 08 / 21,1,Friday,1,-,-,-,-
10,A,2-2,2026 / 08 / 25,1,Tuesday,3,-,-,-,-
10,A,3-1,2026 / 08 / 31,1,Monday,1,-,-,-,-
10,A,3-2,2026 / 09 / 02,1,Wednesday,3,-,-,-,-
10,A,4-1,2026 / 09 / 08,1,Tuesday,1,-,-,-,-
10,A,4-2,2026 / 09 / 10,1,Thursday,3,-,-,-,-
10,A,5-1,2026 / 09 / 16,1,Wednesday,1,-,-,-,-
10,A,5-2,2026 / 09 / 18,1,Friday,3,-,-,-,-
10,A,6-1,2026 / 09 / 24,1,Thursday,1,-,-,-,-
10,A,6-2,2026 / 09 / 28,1,Monday,3,-,-,-,-
10,A,7-1,2026 / 10 / 02,1,Friday,1,-,-,-,-
10,A,7-2,2026 / 10 / 14,1,Wednesday,3,-,-,-,-
10,A,8-1,2026 / 10 / 20,1,Tuesday,1,-,-,-,-
10,A,8-2,2026 / 10 / 22,1,Thursday,3,-,-,-,-
10,A,9-1,2026 / 10 / 28,1,Wednesday,1,-,-,-,-
10,A,9-2,2026 / 10 / 30,1,Friday,3,-,-,-,-
10,A,1-1,2026 / 11 / 09,2,Monday,1,-,-,-,-
10,A,1-2,2026 / 11 / 11,2,Wednesday,3,-,-,-,-
10,A,2-1,2026 / 11 / 18,2,Wednesday,1,-,-,-,-
10,A,2-2,2026 / 11 / 23,2,Monday,3,-,-,-,-
10,A,3-1,2026 / 11 / 27,2,Friday,1,-,-,-,-
10,A,3-2,2026 / 12 / 01,2,Tuesday,3,-,-,-,-
10,A,4-1,2027 / 01 / 13,2,Wednesday,1,-,-,-,-
10,A,4-2,2027 / 01 / 15,2,Friday,3,-,-,-,-
10,A,5-1,2027 / 01 / 21,2,Thursday,1,-,-,-,-
10,A,5-2,2027 / 01 / 25,2,Monday,3,-,-,-,-
10,A,6-1,2027 / 01 / 29,2,Friday,1,-,-,-,-
10,A,6-2,2027 / 02 / 02,2,Tuesday,3,-,-,-,-
10,A,7-1,2027 / 02 / 08,2,Monday,1,-,-,-,-
10,A,7-2,2027 / 02 / 10,2,Wednesday,3,-,-,-,-
10,A,8-1,2027 / 02 / 16,2,Tuesday,1,-,-,-,-
10,A,8-2,2027 / 02 / 18,2,Thursday,3,-,-,-,-
10,A,9-1,2027 / 02 / 24,2,Wednesday,1,-,-,-,-
10,A,9-2,2027 / 02 / 26,2,Friday,3,-,-,-,-
10,A,10-1,2027 / 03 / 04,2,Thursday,1,-,-,-,-
10,A,10-2,2027 / 03 / 08,2,Monday,3,-,-,-,-
10,A,1-1,2027 / 03 / 15,3,Monday,1,-,-,-,-
10,A,1-2,2027 / 03 / 17,3,Wednesday,3,-,-,-,-
10,A,2-1,2027 / 03 / 30,3,Tuesday,1,-,-,-,-
10,A,2-2,2027 / 04 / 01,3,Thursday,3,-,-,-,-
10,A,3-1,2027 / 04 / 08,3,Thursday,1,-,-,-,-
10,A,3-2,2027 / 04 / 12,3,Monday,3,-,-,-,-
10,A,4-1,2027 / 04 / 16,3,Friday,1,-,-,-,-
10,A,4-2,2027 / 04 / 20,3,Tuesday,3,-,-,-,-
10,A,5-1,2027 / 04 / 26,3,Monday,1,-,-,-,-
10,A,5-2,2027 / 04 / 28,3,Wednesday,3,-,-,-,-
10,A,6-1,2027 / 05 / 04,3,Tuesday,1,-,-,-,-
10,A,6-2,2027 / 05 / 06,3,Thursday,3,-,-,-,-
10,A,2-1,2027 / 05 / 13,,Thursday,1,-,-,-,-
10,A,2-2,2027 / 05 / 18,,Tuesday,3,-,-,-,-
10,A,3-1,2027 / 05 / 24,,Monday,1,-,-,-,-
10,A,3-2,2027 / 05 / 26,,Wednesday,3,-,-,-,-
10,A,4-1,2027 / 06 / 02,,Wednesday,1,-,-,-,-
10,A,4-2,2027 / 06 / 04,,Friday,3,-,-,-,-
10,A,5-1,2027 / 06 / 11,,Friday,1,-,-,-,-
10,B,1-1,2026 / 08 / 14,1,Friday,3,-,-,-,-
10,B,1-2,2026 / 08 / 18,1,Tuesday,4,-,-,-,-
10,B,2-1,2026 / 08 / 25,1,Tuesday,3,-,-,-,-
10,B,2-2,2026 / 08 / 26,1,Wednesday,4,-,-,-,-
10,B,3-1,2026 / 09 / 02,1,Wednesday,3,-,-,-,-
10,B,3-2,2026 / 09 / 03,1,Thursday,4,-,-,-,-
10,B,4-1,2026 / 09 / 10,1,Thursday,3,-,-,-,-
10,B,4-2,2026 / 09 / 11,1,Friday,4,-,-,-,-
10,B,5-1,2026 / 09 / 18,1,Friday,3,-,-,-,-
10,B,5-2,2026 / 09 / 21,1,Monday,4,-,-,-,-
10,B,6-1,2026 / 09 / 28,1,Monday,3,-,-,-,-
10,B,6-2,2026 / 09 / 29,1,Tuesday,4,-,-,-,-
10,B,7-1,2026 / 10 / 14,1,Wednesday,3,-,-,-,-
10,B,7-2,2026 / 10 / 15,1,Thursday,4,-,-,-,-
10,B,8-1,2026 / 10 / 22,1,Thursday,3,-,-,-,-
10,B,8-2,2026 / 10 / 23,1,Friday,4,-,-,-,-
10,B,9-1,2026 / 10 / 30,1,Friday,3,-,-,-,-
10,B,9-2,2026 / 11 / 03,1,Tuesday,4,-,-,-,-
10,B,1-1,2026 / 11 / 11,2,Wednesday,3,-,-,-,-
10,B,1-2,2026 / 11 / 12,2,Thursday,4,-,-,-,-
10,B,2-1,2026 / 11 / 23,2,Monday,3,-,-,-,-
10,B,2-2,2026 / 11 / 24,2,Tuesday,4,-,-,-,-
10,B,3-1,2026 / 12 / 01,2,Tuesday,3,-,-,-,-
10,B,3-2,2026 / 12 / 02,2,Wednesday,4,-,-,-,-
10,B,4-1,2027 / 01 / 15,2,Friday,3,-,-,-,-
10,B,4-2,2027 / 01 / 18,2,Monday,4,-,-,-,-
10,B,5-1,2027 / 01 / 25,2,Monday,3,-,-,-,-
10,B,5-2,2027 / 01 / 26,2,Tuesday,4,-,-,-,-
10,B,6-1,2027 / 02 / 02,2,Tuesday,3,-,-,-,-
10,B,6-2,2027 / 02 / 03,2,Wednesday,4,-,-,-,-
10,B,7-1,2027 / 02 / 10,2,Wednesday,3,-,-,-,-
10,B,7-2,2027 / 02 / 11,2,Thursday,4,-,-,-,-
10,B,8-1,2027 / 02 / 18,2,Thursday,3,-,-,-,-
10,B,8-2,2027 / 02 / 19,2,Friday,4,-,-,-,-
10,B,9-1,2027 / 02 / 26,2,Friday,3,-,-,-,-
10,B,9-2,2027 / 03 / 01,2,Monday,4,-,-,-,-
10,B,10-1,2027 / 03 / 08,2,Monday,3,-,-,-,-
10,B,10-2,2027 / 03 / 09,2,Tuesday,4,-,-,-,-
10,B,1-1,2027 / 03 / 17,3,Wednesday,3,-,-,-,-
10,B,1-2,2027 / 03 / 18,3,Thursday,4,-,-,-,-
10,B,2-1,2027 / 04 / 01,3,Thursday,3,-,-,-,-
10,B,2-2,2027 / 04 / 05,3,Monday,4,-,-,-,-
10,B,3-1,2027 / 04 / 12,3,Monday,3,-,-,-,-
10,B,3-2,2027 / 04 / 13,3,Tuesday,4,-,-,-,-
10,B,4-1,2027 / 04 / 20,3,Tuesday,3,-,-,-,-
10,B,4-2,2027 / 04 / 21,3,Wednesday,4,-,-,-,-
10,B,5-1,2027 / 04 / 28,3,Wednesday,3,-,-,-,-
10,B,5-2,2027 / 04 / 29,3,Thursday,4,-,-,-,-
10,B,6-1,2027 / 05 / 06,3,Thursday,3,-,-,-,-
10,B,6-2,2027 / 05 / 07,3,Friday,4,-,-,-,-
10,B,2-1,2027 / 05 / 18,,Tuesday,3,-,-,-,-
10,B,2-2,2027 / 05 / 19,,Wednesday,4,-,-,-,-
10,B,3-1,2027 / 05 / 26,,Wednesday,3,-,-,-,-
10,B,3-2,2027 / 05 / 27,,Thursday,4,-,-,-,-
10,B,4-1,2027 / 06 / 04,,Friday,3,-,-,-,-
10,B,4-2,2027 / 06 / 08,,Tuesday,4,-,-,-,-
10,C,1-1,2026 / 08 / 12,1,Wednesday,1,-,-,-,-
10,C,1-2,2026 / 08 / 19,1,Wednesday,5,-,-,-,-
10,C,2-1,2026 / 08 / 21,1,Friday,1,-,-,-,-
10,C,2-2,2026 / 08 / 27,1,Thursday,5,-,-,-,-
10,C,3-1,2026 / 08 / 31,1,Monday,1,-,-,-,-
10,C,3-2,2026 / 09 / 04,1,Friday,5,-,-,-,-
10,C,4-1,2026 / 09 / 08,1,Tuesday,1,-,-,-,-
10,C,4-2,2026 / 09 / 14,1,Monday,5,-,-,-,-
10,C,5-1,2026 / 09 / 16,1,Wednesday,1,-,-,-,-
10,C,5-2,2026 / 09 / 22,1,Tuesday,5,-,-,-,-
10,C,6-1,2026 / 09 / 24,1,Thursday,1,-,-,-,-
10,C,6-2,2026 / 09 / 30,1,Wednesday,5,-,-,-,-
10,C,7-1,2026 / 10 / 02,1,Friday,1,-,-,-,-
10,C,7-2,2026 / 10 / 16,1,Friday,5,-,-,-,-
10,C,8-1,2026 / 10 / 20,1,Tuesday,1,-,-,-,-
10,C,8-2,2026 / 10 / 26,1,Monday,5,-,-,-,-
10,C,9-1,2026 / 10 / 28,1,Wednesday,1,-,-,-,-
10,C,9-2,2026 / 11 / 04,1,Wednesday,5,-,-,-,-
10,C,1-1,2026 / 11 / 09,2,Monday,1,-,-,-,-
10,C,1-2,2026 / 11 / 13,2,Friday,5,-,-,-,-
10,C,2-1,2026 / 11 / 18,2,Wednesday,1,-,-,-,-
10,C,2-2,2026 / 11 / 25,2,Wednesday,5,-,-,-,-
10,C,3-1,2026 / 11 / 27,2,Friday,1,-,-,-,-
10,C,3-2,2026 / 12 / 03,2,Thursday,5,-,-,-,-
10,C,4-1,2027 / 01 / 13,2,Wednesday,1,-,-,-,-
10,C,4-2,2027 / 01 / 19,2,Tuesday,5,-,-,-,-
10,C,5-1,2027 / 01 / 21,2,Thursday,1,-,-,-,-
10,C,5-2,2027 / 01 / 27,2,Wednesday,5,-,-,-,-
10,C,6-1,2027 / 01 / 29,2,Friday,1,-,-,-,-
10,C,6-2,2027 / 02 / 04,2,Thursday,5,-,-,-,-
10,C,7-1,2027 / 02 / 08,2,Monday,1,-,-,-,-
10,C,7-2,2027 / 02 / 12,2,Friday,5,-,-,-,-
10,C,8-1,2027 / 02 / 16,2,Tuesday,1,-,-,-,-
10,C,8-2,2027 / 02 / 22,2,Monday,5,-,-,-,-
10,C,9-1,2027 / 02 / 24,2,Wednesday,1,-,-,-,-
10,C,9-2,2027 / 03 / 02,2,Tuesday,5,-,-,-,-
10,C,10-1,2027 / 03 / 04,2,Thursday,1,-,-,-,-
10,C,10-2,2027 / 03 / 10,2,Wednesday,5,-,-,-,-
10,C,1-1,2027 / 03 / 15,3,Monday,1,-,-,-,-
10,C,1-2,2027 / 03 / 19,3,Friday,5,-,-,-,-
10,C,2-1,2027 / 03 / 30,3,Tuesday,1,-,-,-,-
10,C,2-2,2027 / 04 / 06,3,Tuesday,5,-,-,-,-
10,C,3-1,2027 / 04 / 08,3,Thursday,1,-,-,-,-
10,C,3-2,2027 / 04 / 14,3,Wednesday,5,-,-,-,-
10,C,4-1,2027 / 04 / 16,3,Friday,1,-,-,-,-
10,C,4-2,2027 / 04 / 22,3,Thursday,5,-,-,-,-
10,C,5-1,2027 / 04 / 26,3,Monday,1,-,-,-,-
10,C,5-2,2027 / 04 / 30,3,Friday,5,-,-,-,-
10,C,6-1,2027 / 05 / 04,3,Tuesday,1,-,-,-,-
10,C,6-2,2027 / 05 / 11,3,Tuesday,5,-,-,-,-
10,C,2-1,2027 / 05 / 13,,Thursday,1,-,-,-,-
10,C,2-2,2027 / 05 / 20,,Thursday,5,-,-,-,-
10,C,3-1,2027 / 05 / 24,,Monday,1,-,-,-,-
10,C,3-2,2027 / 05 / 28,,Friday,5,-,-,-,-
10,C,4-1,2027 / 06 / 02,,Wednesday,1,-,-,-,-
10,C,4-2,2027 / 06 / 09,,Wednesday,5,-,-,-,-
10,C,5-1,2027 / 06 / 11,,Friday,1,-,-,-,-
10,D,1-1,2026 / 08 / 18,1,Tuesday,4,-,-,-,-
10,D,1-2,2026 / 08 / 20,1,Thursday,6,-,-,-,-
10,D,2-1,2026 / 08 / 26,1,Wednesday,4,-,-,-,-
10,D,2-2,2026 / 08 / 28,1,Friday,6,-,-,-,-
10,D,3-1,2026 / 09 / 03,1,Thursday,4,-,-,-,-
10,D,3-2,2026 / 09 / 07,1,Monday,6,-,-,-,-
10,D,4-1,2026 / 09 / 11,1,Friday,4,-,-,-,-
10,D,4-2,2026 / 09 / 15,1,Tuesday,6,-,-,-,-
10,D,5-1,2026 / 09 / 21,1,Monday,4,-,-,-,-
10,D,5-2,2026 / 09 / 23,1,Wednesday,6,-,-,-,-
10,D,6-1,2026 / 09 / 29,1,Tuesday,4,-,-,-,-
10,D,6-2,2026 / 10 / 01,1,Thursday,6,-,-,-,-
10,D,7-1,2026 / 10 / 15,1,Thursday,4,-,-,-,-
10,D,7-2,2026 / 10 / 19,1,Monday,6,-,-,-,-
10,D,8-1,2026 / 10 / 23,1,Friday,4,-,-,-,-
10,D,8-2,2026 / 10 / 27,1,Tuesday,6,-,-,-,-
10,D,9-1,2026 / 11 / 03,1,Tuesday,4,-,-,-,-
10,D,9-2,2026 / 11 / 05,1,Thursday,6,-,-,-,-
10,D,1-1,2026 / 11 / 12,2,Thursday,4,-,-,-,-
10,D,1-2,2026 / 11 / 17,2,Tuesday,6,-,-,-,-
10,D,2-1,2026 / 11 / 24,2,Tuesday,4,-,-,-,-
10,D,2-2,2026 / 11 / 26,2,Thursday,6,-,-,-,-
10,D,3-1,2026 / 12 / 02,2,Wednesday,4,-,-,-,-
10,D,3-2,2026 / 12 / 04,2,Friday,6,-,-,-,-
10,D,4-1,2027 / 01 / 18,2,Monday,4,-,-,-,-
10,D,4-2,2027 / 01 / 20,2,Wednesday,6,-,-,-,-
10,D,5-1,2027 / 01 / 26,2,Tuesday,4,-,-,-,-
10,D,5-2,2027 / 01 / 28,2,Thursday,6,-,-,-,-
10,D,6-1,2027 / 02 / 03,2,Wednesday,4,-,-,-,-
10,D,6-2,2027 / 02 / 05,2,Friday,6,-,-,-,-
10,D,7-1,2027 / 02 / 11,2,Thursday,4,-,-,-,-
10,D,7-2,2027 / 02 / 15,2,Monday,6,-,-,-,-
10,D,8-1,2027 / 02 / 19,2,Friday,4,-,-,-,-
10,D,8-2,2027 / 02 / 23,2,Tuesday,6,-,-,-,-
10,D,9-1,2027 / 03 / 01,2,Monday,4,-,-,-,-
10,D,9-2,2027 / 03 / 03,2,Wednesday,6,-,-,-,-
10,D,10-1,2027 / 03 / 09,2,Tuesday,4,-,-,-,-
10,D,10-2,2027 / 03 / 11,2,Thursday,6,-,-,-,-
10,D,1-1,2027 / 03 / 18,3,Thursday,4,-,-,-,-
10,D,1-2,2027 / 03 / 29,3,Monday,6,-,-,-,-
10,D,2-1,2027 / 04 / 05,3,Monday,4,-,-,-,-
10,D,2-2,2027 / 04 / 07,3,Wednesday,6,-,-,-,-
10,D,3-1,2027 / 04 / 13,3,Tuesday,4,-,-,-,-
10,D,3-2,2027 / 04 / 15,3,Thursday,6,-,-,-,-
10,D,4-1,2027 / 04 / 21,3,Wednesday,4,-,-,-,-
10,D,4-2,2027 / 04 / 23,3,Friday,6,-,-,-,-
10,D,5-1,2027 / 04 / 29,3,Thursday,4,-,-,-,-
10,D,5-2,2027 / 05 / 03,3,Monday,6,-,-,-,-
10,D,6-1,2027 / 05 / 07,3,Friday,4,-,-,-,-
10,D,1-2,2027 / 05 / 12,,Wednesday,6,-,-,-,-
10,D,2-1,2027 / 05 / 19,,Wednesday,4,-,-,-,-
10,D,2-2,2027 / 05 / 21,,Friday,6,-,-,-,-
10,D,3-1,2027 / 05 / 27,,Thursday,4,-,-,-,-
10,D,3-2,2027 / 06 / 01,,Tuesday,6,-,-,-,-
10,D,4-1,2027 / 06 / 08,,Tuesday,4,-,-,-,-
10,D,4-2,2027 / 06 / 10,,Thursday,6,-,-,-,-
10,E,1-1,2026 / 08 / 12,1,Wednesday,1,-,-,-,-
10,E,1-2,2026 / 08 / 19,1,Wednesday,5,-,-,-,-
10,E,2-1,2026 / 08 / 21,1,Friday,1,-,-,-,-
10,E,2-2,2026 / 08 / 27,1,Thursday,5,-,-,-,-
10,E,3-1,2026 / 08 / 31,1,Monday,1,-,-,-,-
10,E,3-2,2026 / 09 / 04,1,Friday,5,-,-,-,-
10,E,4-1,2026 / 09 / 08,1,Tuesday,1,-,-,-,-
10,E,4-2,2026 / 09 / 14,1,Monday,5,-,-,-,-
10,E,5-1,2026 / 09 / 16,1,Wednesday,1,-,-,-,-
10,E,5-2,2026 / 09 / 22,1,Tuesday,5,-,-,-,-
10,E,6-1,2026 / 09 / 24,1,Thursday,1,-,-,-,-
10,E,6-2,2026 / 09 / 30,1,Wednesday,5,-,-,-,-
10,E,7-1,2026 / 10 / 02,1,Friday,1,-,-,-,-
10,E,7-2,2026 / 10 / 16,1,Friday,5,-,-,-,-
10,E,8-1,2026 / 10 / 20,1,Tuesday,1,-,-,-,-
10,E,8-2,2026 / 10 / 26,1,Monday,5,-,-,-,-
10,E,9-1,2026 / 10 / 28,1,Wednesday,1,-,-,-,-
10,E,9-2,2026 / 11 / 04,1,Wednesday,5,-,-,-,-
10,E,1-1,2026 / 11 / 09,2,Monday,1,-,-,-,-
10,E,1-2,2026 / 11 / 13,2,Friday,5,-,-,-,-
10,E,2-1,2026 / 11 / 18,2,Wednesday,1,-,-,-,-
10,E,2-2,2026 / 11 / 25,2,Wednesday,5,-,-,-,-
10,E,3-1,2026 / 11 / 27,2,Friday,1,-,-,-,-
10,E,3-2,2026 / 12 / 03,2,Thursday,5,-,-,-,-
10,E,4-1,2027 / 01 / 13,2,Wednesday,1,-,-,-,-
10,E,4-2,2027 / 01 / 19,2,Tuesday,5,-,-,-,-
10,E,5-1,2027 / 01 / 21,2,Thursday,1,-,-,-,-
10,E,5-2,2027 / 01 / 27,2,Wednesday,5,-,-,-,-
10,E,6-1,2027 / 01 / 29,2,Friday,1,-,-,-,-
10,E,6-2,2027 / 02 / 04,2,Thursday,5,-,-,-,-
10,E,7-1,2027 / 02 / 08,2,Monday,1,-,-,-,-
10,E,7-2,2027 / 02 / 12,2,Friday,5,-,-,-,-
10,E,8-1,2027 / 02 / 16,2,Tuesday,1,-,-,-,-
10,E,8-2,2027 / 02 / 22,2,Monday,5,-,-,-,-
10,E,9-1,2027 / 02 / 24,2,Wednesday,1,-,-,-,-
10,E,9-2,2027 / 03 / 02,2,Tuesday,5,-,-,-,-
10,E,10-1,2027 / 03 / 04,2,Thursday,1,-,-,-,-
10,E,10-2,2027 / 03 / 10,2,Wednesday,5,-,-,-,-
10,E,1-1,2027 / 03 / 15,3,Monday,1,-,-,-,-
10,E,1-2,2027 / 03 / 19,3,Friday,5,-,-,-,-
10,E,2-1,2027 / 03 / 30,3,Tuesday,1,-,-,-,-
10,E,2-2,2027 / 04 / 06,3,Tuesday,5,-,-,-,-
10,E,3-1,2027 / 04 / 08,3,Thursday,1,-,-,-,-
10,E,3-2,2027 / 04 / 14,3,Wednesday,5,-,-,-,-
10,E,4-1,2027 / 04 / 16,3,Friday,1,-,-,-,-
10,E,4-2,2027 / 04 / 22,3,Thursday,5,-,-,-,-
10,E,5-1,2027 / 04 / 26,3,Monday,1,-,-,-,-
10,E,5-2,2027 / 04 / 30,3,Friday,5,-,-,-,-
10,E,6-1,2027 / 05 / 04,3,Tuesday,1,-,-,-,-
10,E,6-2,2027 / 05 / 11,3,Tuesday,5,-,-,-,-
10,E,2-1,2027 / 05 / 13,,Thursday,1,-,-,-,-
10,E,2-2,2027 / 05 / 20,,Thursday,5,-,-,-,-
10,E,3-1,2027 / 05 / 24,,Monday,1,-,-,-,-
10,E,3-2,2027 / 05 / 28,,Friday,5,-,-,-,-
10,E,4-1,2027 / 06 / 02,,Wednesday,1,-,-,-,-
10,E,4-2,2027 / 06 / 09,,Wednesday,5,-,-,-,-
10,E,5-1,2027 / 06 / 11,,Friday,1,-,-,-,-
10,Seminar,1-1,2026 / 08 / 18,1,Tuesday,4,-,-,-,-
10,Seminar,2-1,2026 / 08 / 26,1,Wednesday,4,-,-,-,-
10,Seminar,3-1,2026 / 09 / 03,1,Thursday,4,-,-,-,-
10,Seminar,4-1,2026 / 09 / 11,1,Friday,4,-,-,-,-
10,Seminar,5-1,2026 / 09 / 21,1,Monday,4,-,-,-,-
10,Seminar,6-1,2026 / 09 / 29,1,Tuesday,4,-,-,-,-
10,Seminar,7-1,2026 / 10 / 15,1,Thursday,4,-,-,-,-
10,Seminar,8-1,2026 / 10 / 23,1,Friday,4,-,-,-,-
10,Seminar,9-1,2026 / 11 / 03,1,Tuesday,4,-,-,-,-
10,Seminar,1-1,2026 / 11 / 12,2,Thursday,4,-,-,-,-
10,Seminar,2-1,2026 / 11 / 24,2,Tuesday,4,-,-,-,-
10,Seminar,3-1,2026 / 12 / 02,2,Wednesday,4,-,-,-,-
10,Seminar,4-1,2027 / 01 / 18,2,Monday,4,-,-,-,-
10,Seminar,5-1,2027 / 01 / 26,2,Tuesday,4,-,-,-,-
10,Seminar,6-1,2027 / 02 / 03,2,Wednesday,4,-,-,-,-
10,Seminar,7-1,2027 / 02 / 11,2,Thursday,4,-,-,-,-
10,Seminar,8-1,2027 / 02 / 19,2,Friday,4,-,-,-,-
10,Seminar,9-1,2027 / 03 / 01,2,Monday,4,-,-,-,-
10,Seminar,10-1,2027 / 03 / 09,2,Tuesday,4,-,-,-,-
10,Seminar,1-1,2027 / 03 / 18,3,Thursday,4,-,-,-,-
10,Seminar,2-1,2027 / 04 / 05,3,Monday,4,-,-,-,-
10,Seminar,3-1,2027 / 04 / 13,3,Tuesday,4,-,-,-,-
10,Seminar,4-1,2027 / 04 / 21,3,Wednesday,4,-,-,-,-
10,Seminar,5-1,2027 / 04 / 29,3,Thursday,4,-,-,-,-
10,Seminar,6-1,2027 / 05 / 07,3,Friday,4,-,-,-,-
10,Seminar,2-1,2027 / 05 / 19,,Wednesday,4,-,-,-,-
10,Seminar,3-1,2027 / 05 / 27,,Thursday,4,-,-,-,-
10,Seminar,4-1,2027 / 06 / 08,,Tuesday,4,-,-,-,-
11,A,1-1,2026 / 08 / 12,1,Wednesday,1,-,-,-,-
11,A,1-2,2026 / 08 / 14,1,Friday,3,-,-,-,-
11,A,2-1,2026 / 08 / 21,1,Friday,1,-,-,-,-
11,A,2-2,2026 / 08 / 25,1,Tuesday,3,-,-,-,-
11,A,3-1,2026 / 08 / 31,1,Monday,1,-,-,-,-
11,A,3-2,2026 / 09 / 02,1,Wednesday,3,-,-,-,-
11,A,4-1,2026 / 09 / 08,1,Tuesday,1,-,-,-,-
11,A,4-2,2026 / 09 / 10,1,Thursday,3,-,-,-,-
11,A,5-1,2026 / 09 / 16,1,Wednesday,1,-,-,-,-
11,A,5-2,2026 / 09 / 18,1,Friday,3,-,-,-,-
11,A,6-1,2026 / 09 / 24,1,Thursday,1,-,-,-,-
11,A,6-2,2026 / 09 / 28,1,Monday,3,-,-,-,-
11,A,7-1,2026 / 10 / 02,1,Friday,1,-,-,-,-
11,A,7-2,2026 / 10 / 14,1,Wednesday,3,-,-,-,-
11,A,8-1,2026 / 10 / 20,1,Tuesday,1,-,-,-,-
11,A,8-2,2026 / 10 / 22,1,Thursday,3,-,-,-,-
11,A,9-1,2026 / 10 / 28,1,Wednesday,1,-,-,-,-
11,A,9-2,2026 / 10 / 30,1,Friday,3,-,-,-,-
11,A,1-1,2026 / 11 / 09,2,Monday,1,-,-,-,-
11,A,1-2,2026 / 11 / 11,2,Wednesday,3,-,-,-,-
11,A,2-1,2026 / 11 / 18,2,Wednesday,1,-,-,-,-
11,A,2-2,2026 / 11 / 23,2,Monday,3,-,-,-,-
11,A,3-1,2026 / 11 / 27,2,Friday,1,-,-,-,-
11,A,3-2,2026 / 12 / 01,2,Tuesday,3,-,-,-,-
11,A,4-1,2027 / 01 / 13,2,Wednesday,1,-,-,-,-
11,A,4-2,2027 / 01 / 15,2,Friday,3,-,-,-,-
11,A,5-1,2027 / 01 / 21,2,Thursday,1,-,-,-,-
11,A,5-2,2027 / 01 / 25,2,Monday,3,-,-,-,-
11,A,6-1,2027 / 01 / 29,2,Friday,1,-,-,-,-
11,A,6-2,2027 / 02 / 02,2,Tuesday,3,-,-,-,-
11,A,7-1,2027 / 02 / 08,2,Monday,1,-,-,-,-
11,A,7-2,2027 / 02 / 10,2,Wednesday,3,-,-,-,-
11,A,8-1,2027 / 02 / 16,2,Tuesday,1,-,-,-,-
11,A,8-2,2027 / 02 / 18,2,Thursday,3,-,-,-,-
11,A,9-1,2027 / 02 / 24,2,Wednesday,1,-,-,-,-
11,A,9-2,2027 / 02 / 26,2,Friday,3,-,-,-,-
11,A,10-1,2027 / 03 / 04,2,Thursday,1,-,-,-,-
11,A,10-2,2027 / 03 / 08,2,Monday,3,-,-,-,-
11,A,1-1,2027 / 03 / 15,3,Monday,1,-,-,-,-
11,A,1-2,2027 / 03 / 17,3,Wednesday,3,-,-,-,-
11,A,2-1,2027 / 03 / 30,3,Tuesday,1,-,-,-,-
11,A,2-2,2027 / 04 / 01,3,Thursday,3,-,-,-,-
11,A,3-1,2027 / 04 / 08,3,Thursday,1,-,-,-,-
11,A,3-2,2027 / 04 / 12,3,Monday,3,-,-,-,-
11,A,4-1,2027 / 04 / 16,3,Friday,1,-,-,-,-
11,A,4-2,2027 / 04 / 20,3,Tuesday,3,-,-,-,-
11,A,5-1,2027 / 04 / 26,3,Monday,1,-,-,-,-
11,A,5-2,2027 / 04 / 28,3,Wednesday,3,-,-,-,-
11,A,6-1,2027 / 05 / 04,3,Tuesday,1,-,-,-,-
11,A,6-2,2027 / 05 / 06,3,Thursday,3,-,-,-,-
11,A,2-1,2027 / 05 / 13,,Thursday,1,-,-,-,-
11,A,2-2,2027 / 05 / 18,,Tuesday,3,-,-,-,-
11,A,3-1,2027 / 05 / 24,,Monday,1,-,-,-,-
11,A,3-2,2027 / 05 / 26,,Wednesday,3,-,-,-,-
11,A,4-1,2027 / 06 / 02,,Wednesday,1,-,-,-,-
11,A,4-2,2027 / 06 / 04,,Friday,3,-,-,-,-
11,A,5-1,2027 / 06 / 11,,Friday,1,-,-,-,-
11,B,1-1,2026 / 08 / 13,1,Thursday,2,-,-,-,-
11,B,1-2,2026 / 08 / 14,1,Friday,3,-,-,-,-
11,B,2-1,2026 / 08 / 24,1,Monday,2,-,-,-,-
11,B,2-2,2026 / 08 / 25,1,Tuesday,3,-,-,-,-
11,B,3-1,2026 / 09 / 01,1,Tuesday,2,-,-,-,-
11,B,3-2,2026 / 09 / 02,1,Wednesday,3,-,-,-,-
11,B,4-1,2026 / 09 / 09,1,Wednesday,2,-,-,-,-
11,B,4-2,2026 / 09 / 10,1,Thursday,3,-,-,-,-
11,B,5-1,2026 / 09 / 17,1,Thursday,2,-,-,-,-
11,B,5-2,2026 / 09 / 18,1,Friday,3,-,-,-,-
11,B,6-1,2026 / 09 / 25,1,Friday,2,-,-,-,-
11,B,6-2,2026 / 09 / 28,1,Monday,3,-,-,-,-
11,B,7-1,2026 / 10 / 13,1,Tuesday,2,-,-,-,-
11,B,7-2,2026 / 10 / 14,1,Wednesday,3,-,-,-,-
11,B,8-1,2026 / 10 / 21,1,Wednesday,2,-,-,-,-
11,B,8-2,2026 / 10 / 22,1,Thursday,3,-,-,-,-
11,B,9-1,2026 / 10 / 29,1,Thursday,2,-,-,-,-
11,B,9-2,2026 / 10 / 30,1,Friday,3,-,-,-,-
11,B,1-1,2026 / 11 / 10,2,Tuesday,2,-,-,-,-
11,B,1-2,2026 / 11 / 11,2,Wednesday,3,-,-,-,-
11,B,2-1,2026 / 11 / 19,2,Thursday,2,-,-,-,-
11,B,2-2,2026 / 11 / 23,2,Monday,3,-,-,-,-
11,B,3-1,2026 / 11 / 30,2,Monday,2,-,-,-,-
11,B,3-2,2026 / 12 / 01,2,Tuesday,3,-,-,-,-
11,B,4-1,2027 / 01 / 14,2,Thursday,2,-,-,-,-
11,B,4-2,2027 / 01 / 15,2,Friday,3,-,-,-,-
11,B,5-1,2027 / 01 / 22,2,Friday,2,-,-,-,-
11,B,5-2,2027 / 01 / 25,2,Monday,3,-,-,-,-
11,B,6-1,2027 / 02 / 01,2,Monday,2,-,-,-,-
11,B,6-2,2027 / 02 / 02,2,Tuesday,3,-,-,-,-
11,B,7-1,2027 / 02 / 09,2,Tuesday,2,-,-,-,-
11,B,7-2,2027 / 02 / 10,2,Wednesday,3,-,-,-,-
11,B,8-1,2027 / 02 / 17,2,Wednesday,2,-,-,-,-
11,B,8-2,2027 / 02 / 18,2,Thursday,3,-,-,-,-
11,B,9-1,2027 / 02 / 25,2,Thursday,2,-,-,-,-
11,B,9-2,2027 / 02 / 26,2,Friday,3,-,-,-,-
11,B,10-1,2027 / 03 / 05,2,Friday,2,-,-,-,-
11,B,10-2,2027 / 03 / 08,2,Monday,3,-,-,-,-
11,B,1-1,2027 / 03 / 16,3,Tuesday,2,-,-,-,-
11,B,1-2,2027 / 03 / 17,3,Wednesday,3,-,-,-,-
11,B,2-1,2027 / 03 / 31,3,Wednesday,2,-,-,-,-
11,B,2-2,2027 / 04 / 01,3,Thursday,3,-,-,-,-
11,B,3-1,2027 / 04 / 09,3,Friday,2,-,-,-,-
11,B,3-2,2027 / 04 / 12,3,Monday,3,-,-,-,-
11,B,4-1,2027 / 04 / 19,3,Monday,2,-,-,-,-
11,B,4-2,2027 / 04 / 20,3,Tuesday,3,-,-,-,-
11,B,5-1,2027 / 04 / 27,3,Tuesday,2,-,-,-,-
11,B,5-2,2027 / 04 / 28,3,Wednesday,3,-,-,-,-
11,B,6-1,2027 / 05 / 05,3,Wednesday,2,-,-,-,-
11,B,6-2,2027 / 05 / 06,3,Thursday,3,-,-,-,-
11,B,2-1,2027 / 05 / 14,,Friday,2,-,-,-,-
11,B,2-2,2027 / 05 / 18,,Tuesday,3,-,-,-,-
11,B,3-1,2027 / 05 / 25,,Tuesday,2,-,-,-,-
11,B,3-2,2027 / 05 / 26,,Wednesday,3,-,-,-,-
11,B,4-1,2027 / 06 / 03,,Thursday,2,-,-,-,-
11,B,4-2,2027 / 06 / 04,,Friday,3,-,-,-,-
11,C,1-1,2026 / 08 / 12,1,Wednesday,1,-,-,-,-
11,C,1-2,2026 / 08 / 20,1,Thursday,6,-,-,-,-
11,C,2-1,2026 / 08 / 21,1,Friday,1,-,-,-,-
11,C,2-2,2026 / 08 / 28,1,Friday,6,-,-,-,-
11,C,3-1,2026 / 08 / 31,1,Monday,1,-,-,-,-
11,C,3-2,2026 / 09 / 07,1,Monday,6,-,-,-,-
11,C,4-1,2026 / 09 / 08,1,Tuesday,1,-,-,-,-
11,C,4-2,2026 / 09 / 15,1,Tuesday,6,-,-,-,-
11,C,5-1,2026 / 09 / 16,1,Wednesday,1,-,-,-,-
11,C,5-2,2026 / 09 / 23,1,Wednesday,6,-,-,-,-
11,C,6-1,2026 / 09 / 24,1,Thursday,1,-,-,-,-
11,C,6-2,2026 / 10 / 01,1,Thursday,6,-,-,-,-
11,C,7-1,2026 / 10 / 02,1,Friday,1,-,-,-,-
11,C,7-2,2026 / 10 / 19,1,Monday,6,-,-,-,-
11,C,8-1,2026 / 10 / 20,1,Tuesday,1,-,-,-,-
11,C,8-2,2026 / 10 / 27,1,Tuesday,6,-,-,-,-
11,C,9-1,2026 / 10 / 28,1,Wednesday,1,-,-,-,-
11,C,9-2,2026 / 11 / 05,1,Thursday,6,-,-,-,-
11,C,1-1,2026 / 11 / 09,2,Monday,1,-,-,-,-
11,C,1-2,2026 / 11 / 17,2,Tuesday,6,-,-,-,-
11,C,2-1,2026 / 11 / 18,2,Wednesday,1,-,-,-,-
11,C,2-2,2026 / 11 / 26,2,Thursday,6,-,-,-,-
11,C,3-1,2026 / 11 / 27,2,Friday,1,-,-,-,-
11,C,3-2,2026 / 12 / 04,2,Friday,6,-,-,-,-
11,C,4-1,2027 / 01 / 13,2,Wednesday,1,-,-,-,-
11,C,4-2,2027 / 01 / 20,2,Wednesday,6,-,-,-,-
11,C,5-1,2027 / 01 / 21,2,Thursday,1,-,-,-,-
11,C,5-2,2027 / 01 / 28,2,Thursday,6,-,-,-,-
11,C,6-1,2027 / 01 / 29,2,Friday,1,-,-,-,-
11,C,6-2,2027 / 02 / 05,2,Friday,6,-,-,-,-
11,C,7-1,2027 / 02 / 08,2,Monday,1,-,-,-,-
11,C,7-2,2027 / 02 / 15,2,Monday,6,-,-,-,-
11,C,8-1,2027 / 02 / 16,2,Tuesday,1,-,-,-,-
11,C,8-2,2027 / 02 / 23,2,Tuesday,6,-,-,-,-
11,C,9-1,2027 / 02 / 24,2,Wednesday,1,-,-,-,-
11,C,9-2,2027 / 03 / 03,2,Wednesday,6,-,-,-,-
11,C,10-1,2027 / 03 / 04,2,Thursday,1,-,-,-,-
11,C,10-2,2027 / 03 / 11,2,Thursday,6,-,-,-,-
11,C,1-1,2027 / 03 / 15,3,Monday,1,-,-,-,-
11,C,1-2,2027 / 03 / 29,3,Monday,6,-,-,-,-
11,C,2-1,2027 / 03 / 30,3,Tuesday,1,-,-,-,-
11,C,2-2,2027 / 04 / 07,3,Wednesday,6,-,-,-,-
11,C,3-1,2027 / 04 / 08,3,Thursday,1,-,-,-,-
11,C,3-2,2027 / 04 / 15,3,Thursday,6,-,-,-,-
11,C,4-1,2027 / 04 / 16,3,Friday,1,-,-,-,-
11,C,4-2,2027 / 04 / 23,3,Friday,6,-,-,-,-
11,C,5-1,2027 / 04 / 26,3,Monday,1,-,-,-,-
11,C,5-2,2027 / 05 / 03,3,Monday,6,-,-,-,-
11,C,6-1,2027 / 05 / 04,3,Tuesday,1,-,-,-,-
11,C,1-2,2027 / 05 / 12,,Wednesday,6,-,-,-,-
11,C,2-1,2027 / 05 / 13,,Thursday,1,-,-,-,-
11,C,2-2,2027 / 05 / 21,,Friday,6,-,-,-,-
11,C,3-1,2027 / 05 / 24,,Monday,1,-,-,-,-
11,C,3-2,2027 / 06 / 01,,Tuesday,6,-,-,-,-
11,C,4-1,2027 / 06 / 02,,Wednesday,1,-,-,-,-
11,C,4-2,2027 / 06 / 10,,Thursday,6,-,-,-,-
11,C,5-1,2027 / 06 / 11,,Friday,1,-,-,-,-
11,D,1-1,2026 / 08 / 14,1,Friday,3,-,-,-,-
11,D,1-2,2026 / 08 / 19,1,Wednesday,5,-,-,-,-
11,D,2-1,2026 / 08 / 25,1,Tuesday,3,-,-,-,-
11,D,2-2,2026 / 08 / 27,1,Thursday,5,-,-,-,-
11,D,3-1,2026 / 09 / 02,1,Wednesday,3,-,-,-,-
11,D,3-2,2026 / 09 / 04,1,Friday,5,-,-,-,-
11,D,4-1,2026 / 09 / 10,1,Thursday,3,-,-,-,-
11,D,4-2,2026 / 09 / 14,1,Monday,5,-,-,-,-
11,D,5-1,2026 / 09 / 18,1,Friday,3,-,-,-,-
11,D,5-2,2026 / 09 / 22,1,Tuesday,5,-,-,-,-
11,D,6-1,2026 / 09 / 28,1,Monday,3,-,-,-,-
11,D,6-2,2026 / 09 / 30,1,Wednesday,5,-,-,-,-
11,D,7-1,2026 / 10 / 14,1,Wednesday,3,-,-,-,-
11,D,7-2,2026 / 10 / 16,1,Friday,5,-,-,-,-
11,D,8-1,2026 / 10 / 22,1,Thursday,3,-,-,-,-
11,D,8-2,2026 / 10 / 26,1,Monday,5,-,-,-,-
11,D,9-1,2026 / 10 / 30,1,Friday,3,-,-,-,-
11,D,9-2,2026 / 11 / 04,1,Wednesday,5,-,-,-,-
11,D,1-1,2026 / 11 / 11,2,Wednesday,3,-,-,-,-
11,D,1-2,2026 / 11 / 13,2,Friday,5,-,-,-,-
11,D,2-1,2026 / 11 / 23,2,Monday,3,-,-,-,-
11,D,2-2,2026 / 11 / 25,2,Wednesday,5,-,-,-,-
11,D,3-1,2026 / 12 / 01,2,Tuesday,3,-,-,-,-
11,D,3-2,2026 / 12 / 03,2,Thursday,5,-,-,-,-
11,D,4-1,2027 / 01 / 15,2,Friday,3,-,-,-,-
11,D,4-2,2027 / 01 / 19,2,Tuesday,5,-,-,-,-
11,D,5-1,2027 / 01 / 25,2,Monday,3,-,-,-,-
11,D,5-2,2027 / 01 / 27,2,Wednesday,5,-,-,-,-
11,D,6-1,2027 / 02 / 02,2,Tuesday,3,-,-,-,-
11,D,6-2,2027 / 02 / 04,2,Thursday,5,-,-,-,-
11,D,7-1,2027 / 02 / 10,2,Wednesday,3,-,-,-,-
11,D,7-2,2027 / 02 / 12,2,Friday,5,-,-,-,-
11,D,8-1,2027 / 02 / 18,2,Thursday,3,-,-,-,-
11,D,8-2,2027 / 02 / 22,2,Monday,5,-,-,-,-
11,D,9-1,2027 / 02 / 26,2,Friday,3,-,-,-,-
11,D,9-2,2027 / 03 / 02,2,Tuesday,5,-,-,-,-
11,D,10-1,2027 / 03 / 08,2,Monday,3,-,-,-,-
11,D,10-2,2027 / 03 / 10,2,Wednesday,5,-,-,-,-
11,D,1-1,2027 / 03 / 17,3,Wednesday,3,-,-,-,-
11,D,1-2,2027 / 03 / 19,3,Friday,5,-,-,-,-
11,D,2-1,2027 / 04 / 01,3,Thursday,3,-,-,-,-
11,D,2-2,2027 / 04 / 06,3,Tuesday,5,-,-,-,-
11,D,3-1,2027 / 04 / 12,3,Monday,3,-,-,-,-
11,D,3-2,2027 / 04 / 14,3,Wednesday,5,-,-,-,-
11,D,4-1,2027 / 04 / 20,3,Tuesday,3,-,-,-,-
11,D,4-2,2027 / 04 / 22,3,Thursday,5,-,-,-,-
11,D,5-1,2027 / 04 / 28,3,Wednesday,3,-,-,-,-
11,D,5-2,2027 / 04 / 30,3,Friday,5,-,-,-,-
11,D,6-1,2027 / 05 / 06,3,Thursday,3,-,-,-,-
11,D,6-2,2027 / 05 / 11,3,Tuesday,5,-,-,-,-
11,D,2-1,2027 / 05 / 18,,Tuesday,3,-,-,-,-
11,D,2-2,2027 / 05 / 20,,Thursday,5,-,-,-,-
11,D,3-1,2027 / 05 / 26,,Wednesday,3,-,-,-,-
11,D,3-2,2027 / 05 / 28,,Friday,5,-,-,-,-
11,D,4-1,2027 / 06 / 04,,Friday,3,-,-,-,-
11,D,4-2,2027 / 06 / 09,,Wednesday,5,-,-,-,-
11,E,1-1,2026 / 08 / 12,1,Wednesday,1,-,-,-,-
11,E,1-2,2026 / 08 / 20,1,Thursday,6,-,-,-,-
11,E,2-1,2026 / 08 / 21,1,Friday,1,-,-,-,-
11,E,2-2,2026 / 08 / 28,1,Friday,6,-,-,-,-
11,E,3-1,2026 / 08 / 31,1,Monday,1,-,-,-,-
11,E,3-2,2026 / 09 / 07,1,Monday,6,-,-,-,-
11,E,4-1,2026 / 09 / 08,1,Tuesday,1,-,-,-,-
11,E,4-2,2026 / 09 / 15,1,Tuesday,6,-,-,-,-
11,E,5-1,2026 / 09 / 16,1,Wednesday,1,-,-,-,-
11,E,5-2,2026 / 09 / 23,1,Wednesday,6,-,-,-,-
11,E,6-1,2026 / 09 / 24,1,Thursday,1,-,-,-,-
11,E,6-2,2026 / 10 / 01,1,Thursday,6,-,-,-,-
11,E,7-1,2026 / 10 / 02,1,Friday,1,-,-,-,-
11,E,7-2,2026 / 10 / 19,1,Monday,6,-,-,-,-
11,E,8-1,2026 / 10 / 20,1,Tuesday,1,-,-,-,-
11,E,8-2,2026 / 10 / 27,1,Tuesday,6,-,-,-,-
11,E,9-1,2026 / 10 / 28,1,Wednesday,1,-,-,-,-
11,E,9-2,2026 / 11 / 05,1,Thursday,6,-,-,-,-
11,E,1-1,2026 / 11 / 09,2,Monday,1,-,-,-,-
11,E,1-2,2026 / 11 / 17,2,Tuesday,6,-,-,-,-
11,E,2-1,2026 / 11 / 18,2,Wednesday,1,-,-,-,-
11,E,2-2,2026 / 11 / 26,2,Thursday,6,-,-,-,-
11,E,3-1,2026 / 11 / 27,2,Friday,1,-,-,-,-
11,E,3-2,2026 / 12 / 04,2,Friday,6,-,-,-,-
11,E,4-1,2027 / 01 / 13,2,Wednesday,1,-,-,-,-
11,E,4-2,2027 / 01 / 20,2,Wednesday,6,-,-,-,-
11,E,5-1,2027 / 01 / 21,2,Thursday,1,-,-,-,-
11,E,5-2,2027 / 01 / 28,2,Thursday,6,-,-,-,-
11,E,6-1,2027 / 01 / 29,2,Friday,1,-,-,-,-
11,E,6-2,2027 / 02 / 05,2,Friday,6,-,-,-,-
11,E,7-1,2027 / 02 / 08,2,Monday,1,-,-,-,-
11,E,7-2,2027 / 02 / 15,2,Monday,6,-,-,-,-
11,E,8-1,2027 / 02 / 16,2,Tuesday,1,-,-,-,-
11,E,8-2,2027 / 02 / 23,2,Tuesday,6,-,-,-,-
11,E,9-1,2027 / 02 / 24,2,Wednesday,1,-,-,-,-
11,E,9-2,2027 / 03 / 03,2,Wednesday,6,-,-,-,-
11,E,10-1,2027 / 03 / 04,2,Thursday,1,-,-,-,-
11,E,10-2,2027 / 03 / 11,2,Thursday,6,-,-,-,-
11,E,1-1,2027 / 03 / 15,3,Monday,1,-,-,-,-
11,E,1-2,2027 / 03 / 29,3,Monday,6,-,-,-,-
11,E,2-1,2027 / 03 / 30,3,Tuesday,1,-,-,-,-
11,E,2-2,2027 / 04 / 07,3,Wednesday,6,-,-,-,-
11,E,3-1,2027 / 04 / 08,3,Thursday,1,-,-,-,-
11,E,3-2,2027 / 04 / 15,3,Thursday,6,-,-,-,-
11,E,4-1,2027 / 04 / 16,3,Friday,1,-,-,-,-
11,E,4-2,2027 / 04 / 23,3,Friday,6,-,-,-,-
11,E,5-1,2027 / 04 / 26,3,Monday,1,-,-,-,-
11,E,5-2,2027 / 05 / 03,3,Monday,6,-,-,-,-
11,E,6-1,2027 / 05 / 04,3,Tuesday,1,-,-,-,-
11,E,1-2,2027 / 05 / 12,,Wednesday,6,-,-,-,-
11,E,2-1,2027 / 05 / 13,,Thursday,1,-,-,-,-
11,E,2-2,2027 / 05 / 21,,Friday,6,-,-,-,-
11,E,3-1,2027 / 05 / 24,,Monday,1,-,-,-,-
11,E,3-2,2027 / 06 / 01,,Tuesday,6,-,-,-,-
11,E,4-1,2027 / 06 / 02,,Wednesday,1,-,-,-,-
11,E,4-2,2027 / 06 / 10,,Thursday,6,-,-,-,-
11,E,5-1,2027 / 06 / 11,,Friday,1,-,-,-,-
